001072477120373104052700001200021003202300000000415801051982000000519820120000  
002074755040978005091000000300001013170500000001215801110281000001102810130000  
003079598122173105142300602800161013180100000001007801092082000000920820120100  
004080837092976009233200601000041103142300100001118801092882000000928820121100  
005082660121776104103500100501001014170100079991230801123083000001230830120000  
006086515032068106192401002203041114111000003301204803032282000001204821131000  
007088514022576105021400602101101015191100000000710801062681000000626810140100  
008089091083178102193200102101031003173300000001117804060381000010603810210100  
009091079071378112133500102102071013132900059990102801122481000001224810131100  
010093063010474102062401604100311012240100039991204804012881000001003820330101  
011096770012674109233400101301021012162200200000111805021781200011030810220100  
012097276010575109073500000201001001210100000000422801042282000000422820140000  
013097352110270112184100101303001214120701189990124801081982000000819820121100  
014097524121676005243101000801040011190400089991120801112082000001120820120000  
015097749112378111203200001201001001162900000000109801010982000000109820121000  
016098240031478107253700501101011004192300000000225804040980001000225821320140  
017098944060579002064000101003011213132300000000606801120680000001206800141100  
018100111031976112104100800601021114140400059990801804083180000009999991310100  
019100519021576106104300601102031104122200000220425803062681000000620822121100  
020100831032269003043900600700011013200700100000104801010483000000104830120100  
021101178111978107254000102105051004152200000400325801032582000000325820120100  
022101518090278112192800600900030011301100000000104801080181000000801810120100  
023102835070878012104100000701011004172200000000121801070280000000702800110000  
024103196030674107234200501706051004130100000101216805032581000010406810221100  
025103334100568106154201100803011112140700059990808804031182000010311820211100  
026103369092771004203500000400010012241000019990630802091780000009999992110000  
027104380041579007113800605301501001201100100001022803041082000000313821120100  
028105782061579004023700603304201001173300000000616803100182000000108830120100  
029106635062176010194100001504041104152200000400108804112380000011123800331010  
031107013072576109124300100800021002180700001000725803120980000000725820130000  
032108344122075005313700600701011012171700000000313803111180000011210802120100  
033109189021377007084501601100051113162200205301112804010581000010105810211100  
034109408020369103104501500101010011170700159990620801062082000000620820130100  
035110522021278105284601101305081102162300000200423801082981000000829810121000  
036110603012674112084401600600031013180800000021117804012281000010122810220100  
037110917030479106113601602102190001272300000000212803122780000000905801110100  
038111203051672105314201801803071001151000000411201804072882100000311840210100  
039111472020776111094301100501030013182900069990808801080882000000808820120100  
040111512122878104294600101702021113132900100230625801041982000000419820121100  
041111901051674001284300501101030111152900200001024804122180001011024821231100  
042112295091973011234701604605291102130700139990124804040780000010407800211100  
043112520061078101284001101101010011222300002000107801010382000000103820110100  
044112570120474104064000101301011101142200200000327801051581000000515810121100  
045113088070779110263300151102051003282900000000813804010982000010109820230100  
046113307011975002124501101001001103162900000000729804022981100000503821321000  
047113563103078012023600102905131013162300200230509803062380000001218810130000  
048113711070573101234601000501001101180100139990303805082480000000524812320000  
049114912031572006284700101703061202130700200000428805052780000010527800221100  
050116125102574111164801100302001011160800000200627803041381000000627822121000  
051116149062073104234501101202021011131000000000502804101180003011117800211100  
052116352091777106094801101103031113142500102100102802071780000001011822121100  
053118131012677112104701052003001112092300100001006803012281000001011822111000  
054118372030972110314500101201061001170800139991021804121381000011213810210100  
055118485051778106144901001000011112161600059990123805042182000010426822111000  
056118531071277108064501000903011012181800000000219801020781000000207810120000  
057118646103077102254100600702030011220500000000111801031280000000312800110100  
058118740051979111024400100400000012182300059991120801042681000000426810110000  
059118833101979102174701000401011001180500000001017801051383000000513830110000  
060118921032978006204600000100001001212300000000910801102381000001023810120000  
061119162010377007124500050903000011140400039990924801092482000000924820121000  
062119163111276102164400100901041011162900005000724803082780000000111821121100  
063120065112273002274901601201000012100800119991016805120780000000102810321100  
064120072112275103123700001401011003152500000230905801042282000000422820141000  
066120847040175112194801001003030112121700049990408801080681000000806810121000  
067121124070276109194801011102041112172200005400220804052482200010602820210000  
068121305040475101215000100702031012172200159991003801052182000000521820120000  
069121462021774101135001601801051012082100039990401805072881110010728810211100  
070121668091675001025201030600021312140400049990702804021781000010217810211000  
071121676072676103244900051003011112152900169990331804050480000000625810331000  
072122425061275103255100100501011003172901200000710804092580000009999992310100  
073122434090677109284801000501001012192300105000331803041881000000203822140000  
074122520121577009254900301706071212132300059991024804010781000010122810221100  
075122584012879010135100101901001001122900000000507804031181200010311810221120  
076123058032078108035001001002031101163301000000919801091982000000919820121020  
077123231110275011213500601100041014182200105000714801071482000000714820110100  
078123354092377102095201101101021013152900005110812803032182000000812822111101  
079123393031778106153800100602011001182900000100226804061280000000208820320100  
080123571062276111224901101802031202130700100111015804012081000010120810221100  
081123750103077112315101100700001003172500001110414805061581001010517811210100  
082124268012676007163801600701001003212300100001013804073081000000703811340100  
083124327072379110164300100403011011192300100000909805020381000000903820310110  
084125206100777005195100600600031012172100059990104803070880000010708802110100  
085125222031578109075001132903011603123300000110124804012982000000213811311100  
086125371012270012204900050000000000200110000000827801082782000000827820110000  
087125767102273010045001100301001001170700000110812801082182000000821820120100  
088125846061277011185001101301021112110700059991010804022281000010222810221100  
089126084123169110215101001001001300120100201300806805090782100000806821331000  
090126156030878005304000601401040011231100000000306802111980000000206810130100  
091126175040378004164800600802021001162200000000211801101781000001017810110100  
092126221041970103024800100100000000211000000000128801012882000000128820130100  
093126338022578001235100600907021101132300000400130801012381000000123810130100  
094127135121173107225201050901001211140700105300409801040982000000409820131000  
095127181030776106014100100700001115152900000110516804101480002011211800211100  
096127485111978102054200250402001002262700000000421803031281000001022801130100  
097127488041178109215101160602001011172200100400721804122280000001104810330100  
098127621110278111224800101504081001143300100001003804112880001010310810211101  
099127839051474101075201100201001001170100000001211801031083000000310830110000  
100127937020774102265001150701011011161000259990530801052282000000522820131011  
101127911071679107135200100602021002182900000010611804092380003011111800210100  
102128289042178007113800600602021111180400000001112805051181000010511810210100  
103128481050675012274400100805001012201000000400514801051482000000514820130100  
104128560111476006224800000400011002212200000300530801053082000000530820130000  
105128675020678111064800101003001002142900000001229801122982000001229820111100  
106128775040378001213500100800011001190300000000618805081282010011215801210010  
107128832102075108224800102202001011100700159991028801102882000001028820131100  
108128906123075111095300100502011102152200205200902804100380000000902822331110  
109129261121374012125301400501031001150400100001217805052282000010522820211000  
110129264082277006255000151002030102153300000020111801110780000001107800141000  
111129316101575111264400161302031011210700059990821801082182000000821820130110  
112129353121475011285200100401001001132200000410403804082880000010911812311100  
113129420122075009275201461004001001140700000000314804060480002000725830231000  
114129458082375106304801100301010011181000003000530801053082000000530820130000  
115129515121677108265200100703021002172300100110626805101380000000626820320100  
116130167061477109135201001001021001132500000000723805091080000010922800211000  
117130637052178009014600600803030011190400000000407805052780001010527802130100  
118130670041674112215201050401000111151000059990822804080381000010119822231000  
119130926032277105215601151001051002182201200110425804051381002010609811240000  
121131303010677101065100100301011001170700100000812804102582000000812821310100  
122131449081877112054700100502021002192200000110215804031281000000815812310100  
123131564032575106095501100900001601142200100010310804091980000000310821310100  
124131613082378007015201310400001112183300159990404805041880001010808820230110  
125131801011775106114700100601011001211000139990411805101581010011016810210100  
126132491101678105105201000501000111153300059990226804091481001001007801211000  
127132546120271103235201100400011001172200001000307801030782000000307820130100  
128132681060275107135100100301001012201000059990201804120480000011204800210101  
129132705021776010114700632605101011152100239991006803070881000001006821111100  
130132724062879007035200301101041201111101000000825803060781000001106811121000  
131133076102377007085200100301021001172200000200523803080782000011114811130100  
132133108102078110154901100300021001172300000200829801051482000000514820130010  
133133156050277110025401652601011102082200000310324804040981100010409810211100  
134133206123077112044300100401001012263300069990408802071580000000406832120100  
135133386080979105255201100501001011172300059990508804031981001010827820210000  
136133472052174106285301050901001101141000203311014804101081101011125810211000  
137133605050872003214700100803010010170700159990605803071880000010718800110010  
138133625060175112014801100400001011210700059990229805081180010010812800210000  
139133635040678109054900100500020111162200005000121804020781000010207810221000  
140133769061778104215101100500021001192400000000425801102581000001025810110000  
141133777091172101315301100801001001132200200010829804122082000000829821231000  
142133832020174103124700130200010011250300159990624805120680000000624820340000  
143133980022278107275401101203021103132200000110605804063080000010811800221100  
144133983030678101274900100601021001192500000300221801022182000000221820130000  
145134058071876108114100000502001001220100000100929801092982000000929820130000  
146134325101178105185101100401011011192300205000304804011281000010901811210100  
147134414073072112095401011001000100140300119991216804062281000001215821321000  
148134446040276110252800100900041013203300105000111803100981000000905801130100  
149134638053075104263401104002021005162900200110827804062482000000827821320100  
150134749061279101054601000601010011183300059990911801081981000000819810110000  
151134975021278108225501000600000011142200005001103801082981000000829810121000  
152135219012579109145001000201010011202900059991211801121182000001211820110000  
153135284071775004125601800800000211112200159990206803062181000001122812111100  
154135354021679104075400700500001001182500000000403804040581200010408810210100  
155135365111274111275501101100000211141000259990206805081180001010811800211100  
156135413031773102114500100401010000231000000001126801112682000001126820110100  
157135479060375111064900120500000011172900159990205801020582000000205820130100  
158135586032978104085300000703001102130300000400207801020782000000207820141000  
159135735013176103165001000703011001160800001410501802021881000000501822131000  
160135820022573111065301100503031000171000100100617804091780001000617820330100  
161135875052873007184800601302091000181001100400123803032780000010307802110100  
162135958052673103205001200301020010201000159990229804020681001010228820230000  
163135962072577109294500150401001001262200000001120801112082000001120820120010  
164136038052073109135000200601000211150700259990428801042883000000428830121010  
165136157100173002284800000302010010150501059990813801051782000000517820131000  
166136393090273108075301000100000000200700200000325801032582000000325820130000  
167136400030477102283600000300000011360300059990125801111981000001119810110000  
168136784030277001015601060500001102152200000230805804021781000000426821331010  
169136915081073004093000601204021001160100000001215801121582000001215820130100  
170136971060378004035400600401001201152200100000411804051480001010423810211101  
171137233072077001275201100502031001172200000000117804070880201010708800210100  
172137263121275009185100100603021001161000200400422804040881100010408810211000  
173137477093078007025501630500001112172300059990818804050581200010526810241100  
174137719070477011285501300502001011132900059991015804113081000000403822331100  
175137725010479008125300031102011101102300000201226801120381000001203810121000  
176137736022279107225301000503011001172300100200822805061182000010426821230000  
177138239060776006295401311001031101172200100111031801010581000000105810120100  
178138408080378110075601051303011111132300059990131805010282000010102820211000  
179138416052974106185401050000000000190110200001219801121982000001219820120000  
180138438090477001045001300502021002212200000100725803112080000000725820120000  
181138472040674111215501100602020010150700259990811801081182000000811820121100  
182138473012579101055401100901040011143300019990311804053181000001223811321100  
183138519021974110255000100100010000170101200000425801042582000000425820120100  
184138587071274112094300600402010000250100000001124801111782000001117820110100  
185138628040374011114900050000000000240710000000409801040982000000409820140000  
186138715051574104245301000100000000170110000000926803041182000000926822110000  
187138734050574108265601801100000200132200059990818804100380000000818822221020  
188138883052874109145500010000000000181010100000102805041380000110501800210000  
189139036042778011254900601702041511991100059990110803061580000000325810111100  
190139143071674107153600000000000000380110000001205801120582000001205820110000  
191139216053174003245600300000000000180110100001226801122682000001226820120000  
192139279052874102075001100800000000222500029990404804092280000011201810210100  
193139296040676111185401100201000011182900059990317801031782000000317820130100  
194139338091178102205400100803031101152900000400902804091680000000811820221110  
195139480080674109225301150402021000172700200421113804030281000001113820340110  
196139595100977104065401300802011001152200000230822805102882120010423811211100  
197139745011978107235300100503011011143300059991107801112781000001127810111000  
198139911040674003315200600700050200150300149990229802051480000011212800130100  
199139980100578110165701100601000011121100059991031805090281001010902811231000  
200140074022678102165201101702011201132200000111222804010483300011222821231110  
201140078101579107064901101803091001162300000001201805021481000010214812321100  
202140188020879105265401101200011011172300019990801804020881000010208810220020  
203140330072374111165401501300000200090700200000826803070881000011217810111110  
204140606060777005095401100302021101162301000000317801091781000000917810130000  
205140690020375111095701500601000000151000200000815805041382010010202811211100  
206140701012078110125701050601021111162300259990520805080381021010417811211000  
207140722022778112254601051801051002182300000110331803060680000010202810110000  
208140728042978001095601100500011001172300100110905805032782000010327820210000  
209140771051474109125201100201000000170700000000718801071882000000718820110100  
210140797120177003055401600401001001200800000110215801050581000000505810110000  
211140820030775006145000650502031000222201200000829801082982000000829820120100  
212140907011775105235601000100010000171000200000624805031081000011221820210000  
213140986082677001185100130201000011162900059990505801052181000000521810141100  
214140996121478007284901160601011011182900059990610801061082000000610820130100  
215141017012479102225301601502081001150300000000408803032082000001203801110100  
216141060020475104074901150902040110131700201001021804042982000000922811211000  
217141469052676012095401802103071201162901000100318804042782100000318821330101  
218141665052975004244901150400010000230700000000728803082182000000728821110000  
219141745042975103014700000101011000232900000000507803052080000009999990120000  
220141841100977011105501051302001001152200002430917804011583000010902821211000  
221141857120974010185701100701000200130700200111201804071981000010719810221100  
222141945032177011235201101201000011122500101000205802021880000000907812121100  
223141965072277006305401100401010011172200259991208801101581000001015810120100  
224142127061375003313800000200000000310700000000902801090282000000902820110000  
225142282042075011225001102302051000182500200401223803040382000010817811120100  
226142302110877001125401000903031101162300000010731803071381000001025810130000  
227142393050377104145801130702001111140700001111017804011183000011208810241001  
228142509020278009285101101506061001172500200111117805032481000010324810220100  
229142616090775103085501150704021010172300019990222801121780000001217800130100  
230142693071175003095500200402021000172900100001029801102982000001029820110000  
231142694071175106235200100702011200132900100000422804071581000010916812230010  
232142774061675102095701030803000000160700203401003801100382000001003820121000  
233143077121478106185101100402011011172200059990116803012280000000716812120000  
234143121120574007284000500402020000150100000000805801080582000000805820111100  
235143195111578106245301100801021011132900103101211801101481000001014810121100  
236143259050775105155801600401000100140700259990401804080680000010807800221100  
237143488060678007305400300701030011152900059990318804072481000000403811310100  
238143499111975108155301100501000000140100100001203801120382000001203820111100  
239143549012678104235501500804021001142200101100814803102080000000119820121110  
240143635120575103265401100000000000210700100000422804041581001010415810220100  
241143703100775105194901100401011000230700000000107801010782000000107820120100  
242143741041475002255100000602001001170100000000519803110482000000519821130000  
243143781091775002235400650403021010171000159991001803080981000010809810140100  
244143987123075004185701000201001000160700200000111803032081000000111822131010  
245143988083179109035701000800001301102300000001202804052182000000527830321000  
246144073061275107094300100700011000160100000000910801090782000000907820120000  
247144186100377101215601101301021001102300000200801804030881000010308810211100  
248144320080175101205501000301000000140700100400701801070182000000701820121000  
249144369091775101175301100100000000210710200000501805110480000011104800230000  
250144381062678009215700050401000111142900059990502805050181000010501810311000  
251144404012476105124600010201001000220400000001216801121682000001216820140000  
252144439120477112174900100801000000192200100000516803081682000000320821130100  
253144513021076105075601000000000000190710200000624804103082000000624821230000  
254144604042679110154900100800010011192700059990125804060282001000125821240100  
255144735103178103275601000201000011152500159990321801090980000000909800110000  
256144879031476106045001100601001001132300200110505804012881000010128810221110  
257144886011977003014700000301001001201000000410814803072881000000814821110000  
258144901071277109245301151002051011180800019990310801031082000000310820140100  
259144963100375012144200600801001000180100000000804801080482000000804820120110  
260145068091575012154500300400010000170700000000625805030681001009999990230010  
261145071010576004245801000000000000170710200000205801101880000001018800140000  
262145100121675007285501000301010010170700205400915801091582000000915820110000  
263145105101378106185101100702040011180700059990403804062882000001226820220000  
264145137111775003265601130700000000131000201000602803012582000000602820131100  
266145510022976004095401051102011100110700201000827801082782000000827820111000  
267145568092575010155600650200000000180300000001112803091682000001112820110100  
268145605052178004255601030802041001162200000010102804011381000010113810240000  
269145609101978007115701720702021001173300000010408804092280000001019830230000  
270145657011578112015601010802021001172500001310416804090980002000112820320010  
271145663022878002235700500201000011191700159990627801062782000000627820130100  
272145936012276106224800000301000000260100001000303801090382000000903820110000  
273145937012276108244401100701010000220100000000702801070282000000702820120000  
274146006051979105315201101403071001182300000420919804050981001001120801240100  
275146037100475111055501600101000000190400000001003805052182000010521820220100  
276146107012076001255701530301000000141010100400425801042582000000425820130100  
227146114062776007215400000000000000211010000000111801011182000000111820130000  
278146321080376110214500100403011000172500100000328804100780003010407801210000  
279146374042576110115701000703021000142200201200403804092380000010923800211000  
280146408081876109095601500501000000161000100000401804061780001010617800231100  
281146422011476008105601600201001000170700000400313801031382000000313820130100  
282146594062578001095901030902001001151100000010422801051581000000515810131000  
283146694031978006025801030501001201122500000110605803091580000001205811141000  
284146751032876010214900600101001000260100000001024801102582000001025820120101  
285146828011076010155001100601011000180700000000219803041182000000219820130100  
286146966062576010295801600302001000160700100300520801052082000000520820181100  
287147012091676107095100500600010000132200100000404804121981000011219810231100  
288147244062178002265101102302051011162200039991007805022181000010221810221100  
289147258060776002015201630201000010210400039990919805052381000010523810230100  
290147294100976107135801050101010010173300259990819804101780000000123830320000  
291147325012679105315301100501001011212900059990401804062982000000401821320100  
292147450092177103245501200501011001172200000010204805072180000110721800220100  
293147489072176011095601600000000000190701000000724801072482000000724820120100  
294147532102476111034400100600000000272900100030411801090981000000909810110100  
295147539081079006275801300300000011182900059991117803052782000010527822110100  
296147561120376108085601510200000000190700000000513802051380000000423822120100  
297147595072276108194500100200020000250700000001124801080581000000805810130100  
298147632120976102232700000100000000300310000000626801062682000000626820180000  
299147695111776002255701500602011100152200200110108805101480000011014800221100  
301147734072076011155701200300010000182200200400207801020782000000207820110100  
302147764070976106285301600402021000170400000400204801012682000000126820110100  
303147767081676004255801310101000000170700200400716804100980000011009800230110  
304147788092576109115801050101000000150800200000123804091681000010916810221000  
305147790051876003135100500301011000190400100000407801040783000000407830120100  
306147841021478009145901600801011001152300100010314804120680000011206801221100  
307147899010777112115400100302011000162900100000701801092281000000922810121100  
308148046010276001205501050600010000152200200400111803031981000000111821111000  
309148123012577105315200050000000000240710000000721801072182000000721820120000  
310148170071876011084801150602020100200700000000205801020582000000205820110100  
311148191011277110235401100602011100122200100000219804030382000000219821221110  
312148218042978008185901700601001000142300000000111804123080002011230800231000  
313148254122076007295801600101001000172200000401015805121181000011211810230100  
315148273051576005214900120200000000260110000000215804111680000011116800230100  
316148280020977001035701310502001000171000000400422803063080000000422821110100  
317148354081676002145801650702001100152200200431208803073182000000914822111100  
318148401042976107215701600403001100132200100400428801042882000000428820121100  
319148496101976007135300100101010010220800059990514801012882000000128820110100  
320148512070479111215301102903001111112300119990903805033081010210416810211000  
321148586071376112065601100602010100120300239990124801012482000000124820111100  
322148623102776107185401010101001000180100100000421803042182000000421822120000  
323148658020577107215801000000000000180710100000926801092682000000926820110000  
324148668071276108294600000000000000300710000001110804100781000001110820310000  
325148673082676008285601601206011100110800100401103801110382000001103820131100  
326148762031777012155601100702001100122200100400305805021982020010305821211100  
327149389011777102085801000000000000180710100000724801072482000000724820130000  
328149464031277102215501000302021010170400005000929801092982000000929820110000  
329149475091676002145601100100000000180700000000411804091981000000411820220100  
330149485100576107304001000600031001160100000000409801040982000000409820120000  
331149486120979103145601100301001001193300000111008804030283000000408821310100  
332149522011077110225001600201010000210410000000725801072582000000725820110100  
333149664042777105305901050000000000170710000000227801022782000000227820130000  
334149665051878008034700101703051001092200000010918804112780000011127800231000  
335149759012477105165201100500011001192500000100204804080880000010808800240100  
336149768041577101125301000800030000181101004000731801121381000001213810130000  
337149772031777007225401100302020000170700000000610804110380001010929810220100  
338149781030377004115801600502020000170300100020725804081180100010811800230100  
339149888041477110135401130200010000202500000000321801092181000000921810140100  
340149922042777112025801050601000000990100200000404801040482000000404820111000  
341150145051577005064600600201001000300300000400214803080880000000814812120100  
342150201060277106144501010000000000310110000000425801042582000000425820120000  
343150208052877110265601000000000000201110000000227801082781000000827810120000  
344150294062277003305401100100010000182900000000304801050781000000507810140100  
345150407050377010185801630301001000150700200400411804032982001001120801331100  
346150421062077112145501050201000100140700200001219801051982000000519820121000  
347150426010477111134300031301031101151200000001209805101481000011014810231000  
348150486041877111135401052102031110122500000100408801111781000001117810111000  
349150515122176103175101100401011000160900000400829801050582000000505820120100  
350150526041477009105901630302000000172200200401222804061581003010721810231120  
351150540052177110265200100100000000220700103000221801022182000000221820110100  
352150580012077103105401100501030110141900004001029805070881100110727810211100  
353150616060977005075701633801001400072200000330801804112480000010109810231100  
354150659041277104014100100804031000232900000100502801051581000000515810120100  
355150685051077108125801000201011000172200201401203801120382000001203820130000  
356150688052977005155901400700010200132200200300609801041881000000418810121100  
357150703031977001145801030601000100132200000000212803033180000000212822121000  
358150860080877003264500000000000000320410000000606801060682000000606820110000  
360150980012277004155901000100000000170700000001124804111781000001124820310000  
361151005071877004215801000804001000102200200400530804022282101010910811221000  
362151026072077005225801600201000000182210100400130803111780000000526820110101  
363151049022777006195300101502050000082200200000225803061780000000225822121110  
364151096061677010314700600000000000290410000000905801090582000000905820110000  
365151120052078104075601050100001001212200200011103805010281101010107810220000  
366151129070177001174200000903011102152500100200205804100981000000605811321000  
367151135083077103216001000301000000160100101001103801110382000001103820131000  
368151177071877110105701000000000000192210200001013805022581002010430812210010  
369151195060777004053800000602031000130400000000430801043082000000430820110000  
370151201122076112154900050502011000230700000400707801070782000000707820130000  
371151267050677104244900100301010000212500100000118801111881000001118810120000  
372151271090977004134800500201010000283310000000214803081581000000326811120100  
373151272092277010234300000000000000330410000000424801042482000000424820110000  
374151276020677002275801600301010200180400200000205803122481000000205821110100  
375151348091177101294901100000000000272910000000828801082882000000828820110100  
376151358082477008245701630202011000172301100100725803110581000000725820110111  
377151380092479007155001100300011001262300000101110801120181000001201810120100  
378151434051577004295701700100000000191900000001202801122081000001220810110000  
379151580050777110132200051001050000192900000001124801112482000001124820110000  
380151588102177110105901030702011000133300129990801801070881000000708810121000  
381151665081577112154500050400010011181100000000229801052781000000527810120000  
382151671120278103265700100403021001202200000410603805072881010010728810220100  
383151685082277003055901000502020100132200200121014804102480001010107811210000  
384151694071077007285300100101000000180110000000910801042382000000423820110100  
385151769100977109295801000501020000160700103000926804072782200010926821211000  
386151773101677001115700030101000000200700000400616801061682000000616820120000  
387151791111177101305601100902031100122200200000520804061280000010807801221111  
388151796052877002226001050400000400112200200020124801121580000001215800111000  
389151809102877103216001050601000100131800239991208804031582000010315822321000  
390151892062879112254900100703041101181100000110919801021182000000211820110100  
391152052110177005225801300000000000191910000000624801091181000000911810120100  
392152088102377101154300010100000000232910000000801801072281000000722810130000  
393152110120876109275300100400010000180700000000118801011882000000118820110100  
394152126080777109275401010201001000201800200000422804120981100000830822310000  
395152157121177103306001050000000000170810000000627801062782000000627820120000  
396152201082277001135501610802031000132200000000425803090481000000306811131030  
397152240111277101274801100805031000192900000000219801111080000001110800120100  
398152266082177101025700000000000000200710000000331805012081001010120812210000  
399152280071777108195901000000000000170710000000416804090980101010213810210010  
401152303111677001255701650601001000170700100400408801040882000000408820120100  
402152311100777108244500600502041000180400000000424801042482000000424820120100  
403152334111677112115501200502001000132200200401230803120581000001230822111100  
404152378032477109026101050201000000140700119990102801072280000000722800131000  
405152398010979008055901650501021001172300000111022801010582000000105820110100  
406152426102477001175601300504001000170300000400104802011580000010205802110101  
407152450030177105315801000401010000160800259990306804110480000000410832321001  
408152518011778108215101100201010000200100000000630801063082000000630820110000  
409152523011278010134000600101000000352400000400111803091481000000729811120110  
410152617010578108203000101402041003181800000000318804041580002001130810220100  
411152633092077004135001500302011000252200000400603801040781000000407810120100  
412152762012478003195901000201010000172200200000215804061880001010802800210000  
413152812013078108063400101304031010172900000000923804061182000000923820310100  
414152864011678104095901031000000100101800200000422805100880000011008800211010  
415152904082777101185200100300010000232500000000319801031982000000319820110000  
416152910022078104285200000602001000182200000400501801050182000000501820110000  
417152954111377112265401800701040000190300149990124805100380010110922812210100  
418152976013078105275901100000000000172210200000314801112181000001121810130100  
419153029012278009125001100101000000172900000000403801042481000000424810120000  
420153108092777011205601000602010200132200101000229804062080002011201810211010  
421153217022578101214801001000021001190400200000918804112480002000111820210010  
422153490100577101145301130602031000152200100021022804040381003000430810330000  
423153497041078104025801051703011000142200000200826804051681001010917810211000  
424153561102278109115301101202021010152900000000111801092080000000920800111000  
425153601031478001015700600302011000140300000000729803122480000000729820131100  
426153641103077009076001210301001100101000200001021803020282000001021822131000  
427153662041878006075500600000000000220510000000429801042982000000429820110100  
428153690031778106165100100503041000192200000000822803031981000000813820130110  
429153754041078103115501100301030010181100000400201805070280000011201800230100  
430153784050378011245801600501000100152900100000208805060480001000208821311100  
431153898022978002176001050901011200112400200400509804061580000000917820230000  
432153937030178106215600050200010000170700100001217801121782000001217820130000  
433153984102877107315301510401021000211901100001113801111382000001113820110100  
434154021020678104056001500402000000140300005401106804061582100000506830331100  
435154032041978101216001750202001000170700000400811801081182000000811820110100  
436154042010578006085501501001030200122200000400911802070282000000731821131000  
438154069050278110065501600501020000150701200001120804081882000001120821331000  
439154184092677007075301100402001001163301200001002803040381000001002821111100  
440154217041278010075701300101010010182900059990411801041182000000411820110100  
441154231051378107153900000101001000230300000000221801041781000000417810120000  
442154236110378012305901650301000000170700000000801801080182000000801820120100  
443154238012078112015901100000000000171710000000613804102280000000613820210100  
444154280060378005205400600402001100152200100001226801122681000001226810131100  
445154282051578011076001000000000000172210200000328801020682000000206820110000  
446154319060878106085901500100000000170700100000109801010983000000109830130100  
447154366050978109095901000603021100153300000101010805121380000111222800221000  
448154371043078001056001050100000000183310000000319801112481000001124810120000  
449154389061878012205801000201000000182200201000919801091982000000919820130000  
450154414020278104255100100100000000210710000001230804083081000001230820320100  
451154428040478107135701000101001000190800100400619801061982000000619820140000  
452154451062678004285200500202000000173300000000222801011782000000117820110100  
453154563022378108195601000200000110130700000001121805050581000010429822311000  
454154565010378101065201100602031000201000000000519804110881000000519830220000  
455154599042778102105300100602021000172300000200418804100180000000324812320100  
456154604070178004096101630404000000132200000000923804122680000000125820341100  
457154624010378111295001101305021000111700100400929804102180001010112810211100  
458154630020678011174800600201000000260410100000604805091281000010104811280100  
459154640071378105084900000502021200162300000000125804041680001010211820231000  
460154820091079006106001500201001100162401000010307803010881000010715822131000  
461154829041478110145601600401041000172200000400602804031281000010312810220101  
462154833070778102215901000403010200132200200001201804073181001010731810231000  
463154849062778105195101650300000000222900100000611801012082000000120820110100  
464154876073078009156001160100000000170700001000610805080280001000610821330100  
465154911040578108085801000300010100160700005001027805120381000001027821331000  
466154925060978109115801800603030110132500105000206805012981020010306810211100  
467154956072976001183700000000000000372310000000620801030882000000308820130000  
468154965080878105315501000101001000202300000000701805061781000000302822310000  
469154972011978109173100600705010000291100000000630801121880000001218800110100  
470154997040478005085500650201011000182200000400619801061982000000619820110100  
471155025081678105145601000702000100142900000001030803092081000000503821111000  
472155037030278003105401100603031000180700000300118804101081202011225811210100  
473155060080278105165301150602021010222200159991017804091181001010226821240100  
474155071050478106224800600400010000280300059991106801120481000001204810120100  
475155073082678004285801500503001000152200000430703801070382000000703820131100  
476155116081978105093600100201001001252900000000926801042682000000426820130100  
477155141061378001152800600701060000390510000000403802051580000000106822110100  
478155156070578110085501002403001111103301005001125801112582000001125820131010  
479155164090778108084500100401011000232900000000310805043080000110126810230100  
480155173052078008105901030200000000180700000000602805110480010011107800210000  
481155194090478011235200100604021000152200000400306804022181000010227810211110  
482155225051177105304300000401041000192500100400324801051481000000514810110000  
483155262080878103055700050301001000192500000400718804022281100010622810220000  
484155315040878103095401000402000000152200000000111803123180000000423820111000  
485155342040278102265701000501000100120600000000324802081580000001026810180040  
486155402091178111105801350000000000190710000000603801060382000000603820130100  
487155457091478110035901000101001000182300000000215801072380000000723800120000  
488155462080278109175601050000000000210710000000402805072780000010727800230000  
489155468050678110305301100402020000180700000000818802120580000010814812110000  
490155478100578109035701000403011000160700200401006804090482000001006820331000  
491155511091378108195901000201011000172200000400613804071380003010713800210000  
492155528072078110185801000000000000190100000001006804050481000009999990320000  
493155886031978109035401600202010010201700003400604805111882010011013811230000  
494155626101278002285801650401011000131700000400728801012882000000128820130100  
495155632100478101275901050000000000190710000001219801042982000000429820130000  
496155651092678008216001500403001000172200000200527803071280000000527820110100  
497155692102078008315501100000000000223310000000812804051181000010816821320000  
498155710092678011162700601403071000232401100400701801061981000000619810130100  
499155712110278108105801050101001000172300100000523804032781001010105811210000  
500155717090578011035801500201001000192200000400404804012781000010127810210100  
501155718091778007305400100501011000192900000000319804052382002010319821210100  
502155735110878108035300151905131000142900000000509805102480000011024800221100  
503155758101778004255901101402050000172900100000111803051580000001115810180100  
504155786090978009295400001402031400122200100400808801020882000000208820111001  
505155819110378012205801000100000000180910000000505801110581000001105810110000  
506155907100178006295601200300000000212900100000125801040380000000403800120000  
507155933111178008035601000201011000192500000400219801031981000000319810110000  
508155957110278101095401000100010000232310000000212801051881000000518810110000  
509155967072178101216001000201000000162200200000103804042680001000103820311000  
510156135111378104225901050601011000162200202000509804080180001011110822211000  
511156198120578011015901001003011100112300205101104805062681011110204810281000  
512156233102478007026001321301020300152300000110902804111580003000902811211000  
513156277102978106276001000101000000172300000000429804071680001000907800321000  
514156313120478008085500320000000000222910000000125804121681000000720811310100  
515156317082578101015401100100010000202900000000623801062381000000623810110100  
516156326092678112316001001802000310102300219990401805052180000110628800221000  
517156338061078111235701130502000100131000100001107804082082001010105821231101  
518156361060978108115801050300020100142500000020606804031281100010312810211000  
519156368123078005295301100702041000192300100001226803060783000000301821130000  
520156410123078012195601160000000000210710000000425803091381000000425821130000  
521156438010879109285901050100000000170700000000820804013182000010803820230010  
522156467010479008225701000502011000172200000200201803030682000001114822130000  
523156511011679106015401000301011000202900102001222804030381000001222820330001  
524156517121778109025601100401001000182300100000521804021882001001121811210100  
525156520012079003115600600601001000190400000000721804092080000010920800220100  
526156569121778106255801010101011000182300100010320804032481101001009801330000  
527156576012878111225201010501001000210700039991030801103082000001030820130010  
528156579120778103125401000000000000240710000000716801070182000000701820130000  
529156593120778112126001500000000000170710100000805801080582000000805820130100  
530156610120478003215601150503031000192400000110523804061482101011013801230100  
531156622011479005085701050201010000172300000000115801071680000000716800110000  
532156634122878108214800000200001101160500000001106802022682000001106822131000  
533156636010279110105501120302011000212300000400626801122681000001226810130100  
534156646090878101046001000201000000170300000000722804090980000010919800220010  
535156675102778001046001000300010000182200000000616801052182000000521820110000  
536156685120679110205801050101010000182310000000211801021182000000211820110000  
537156686013079101311700000402011000372900000000801801051082000000510820130000  
538156709121578004194901100501000011152300059990617801111381000001113810111000  
539156761011979107076001050400000000172400201000523804011782000010117820210000  
540156774092278111045801060301020000190700000401110801041782000000417820140000  
541156803063078105215401100802020000182900002000418805062882001000528811310100  
542156827082278103145601831103050110140400139991110804101082000001110821331001  
543156835083078011034901100605031100142200000100725801012582000000125820111100  
544156854012479111235601000403031010191100259990725803100681000001223810110000  
545156867030279107215801100402001000152900000000702804110281000011102810211100  
546150891112978002126101000701010100132200019990121805032681010010326810231000  
547156893101978004146001230401000100152910000000611801072281000000722810110100  
548156941110278003125801310401000010171100005000708804100681001000120811210101  
549156991010779002175901050200000000192200101001124802092081000000502822110000  
550157017013079101175001101303080000202900000030206804072380001010723801220100  
551157026011879112035100000302011000240700000400718801071882000000718820130000  
552157040032179004076001000101010000172300100000416804041981001010901810210000  
553157042012379005245801320301021000172200000400725803081981000000726821130000  
554157064031279007046001650601031200132300200121121804012381000001111820331100  
555157126030279009185401150303010000162200000000602801120281000001202810111000  
556157145031279108196101000602000000141100039990630805081380000010628810211000  
557157168110778103176001000202000000172210000401119804033182000010405820210000  
558157182020779005114100601003060000213000000030102802060480000000102821140100  
559157216010279007115601650000000000220410000000703801070382000000703820130100  
560157226031779110295101020302010000193300000401002805012982020010215821240000  
561157246102378105115901350701010000142200000401010801041082000000410820131100  
562157274020478007055901500100000000182200101001104801041382000000413820130100  
563157284040478107105500500303011000181700000400703804102780002011124800210110  
564157293111778006305801651001020000162200200001021804010683200010106830211100  
565157298112878002085901640601010000132310100000530804081280001010812810230100  
566157341120578111265301150303001000212300000400128801072481000000724810110000  
567157360040179102125601100200010000192900200001013804012281001010626811210100  
568157385091478008075801650701031000172200000001126801050382000000503820110100  
569157411041679107135001100201011000232900000000328804092481000010615811210100  
570157416040879003125801030402001000132300000001009801012682000000126820131000  
571157417020778111235801501202040000162200049990707801011282000000112820111100  
572157428042179112196101050601000100162210000400910804112382000000310821230000  
573157461020679102035401100903041000182300100120321804010881201010515820230020  
574157498040179002276101530000000000170710000001024804042382000010423820320100  
575157601110378010025501520201000000140700000000801801080182000000801820130100  
577157653041679112125000050100010000190710000000304801030482000000304820110000  
578157662050679012065600000000000000222910000000623801122381000001223810120000  
579157667042979107284700100602010000172900000000407801103080000001030800120100  
580157685042579011235301600602001000172900000001024801111681000001116810110100  
581157748020179012225300000200000000201010000000801804121481000000801821230000  
582157791051279111054201100300010000332900000000512801111380000001113800120100  
583157831121178012235600600703001000152600000000616804111082100000507821310100  
584157865052079012075700600302001100152200000100324801070680000000706800120100  
585157869030279001195201101000050000192300000031008801013082000000130820110100  
586157908031079101252501100901071011202300100001203801120882000001208820130100  
587158001051079002036101050403010100152300000001111804032682100011111811211011  
588158060030479109295801000100000000200710000000305801030582000000305820130001  
589158096060679006205901650202000000132300100000404803040182000000722801130000  
590158146032379001266101650000000000170410200000229801030182000000301820130100  
591158165061479005186001200101011000171700100400926805072281010211020810210100  
592158218051679002226001300302021000172400100301126804020583000010628831220000  
593158244062879101236101650804020000152300000000926803060581000000121830121101  
594158354082879007015901650101011000172200000401113804042681001010426810230100  
595158409071879005216101050100010000162310200001023805120481110010121811210000  
596158416072579002126001530403011000173300100001015802110981000001021822130000  
597158451040179011156001050600000100152200000001010804010482100010208820211000  
598158468082079110236001000101000000182300000401006804041681001000406820320000  
599158528070879108155600000403010000160300100400815803121680000000530820121000  
600158567071779101255601120000000000230710000001028801102882000001028820130100  
601158578061579007275400300000000000240710000000616801061681000000616810120100  
602158583012579008185501101505031001172900100230915801031582000000315820130100  
603158585061079104155801050000000000202210000000314803011682000000622811110000  
604158603072579007295300630502020000160510000000425801091881000000918810110100  
605158647031478009173600600200000000350710000000707801070782000000707820130000  
606158653072479103054401120200010000252900000000425804012482001001025811210110  
607158660080679001122500600900060000293410000000916801020781000000207810120100  
608158661071579005082600602102041015171100000000909801030982000000309820130100  
610158682042579104254800100303000000270700000000425804010582000001124820230100  
611158700111278005075201000501040010172200000001008801100882000001008820130000  
612158825080879111205301100200010000202910000000508804013181000010131810210000  
613158839042479005125601500402021000123300200000725801072582000000725820130000  
614158867090879102245601650401031000182200000000616801050382000000503820130100  
615158902081579012185600350201000000212300000000822801102781000001027810120000  
616158997091179010045701000101011000192300000000829803120281000000810821130000  
617159026091879110115701000100000000212300000000808801020882000000208820120010  
618159027052179110085601000301011100142300000010711803080682000010806822121000  
619159034090379002012400600401020000272400000000904802090980000000721812110100  
620159062082379004134200600101000000200710000001022801110781000001107810130100  
621159074031979009195201610503011001192400000110226801082681000000826810130100  
622159077100779112164800000201000000212400000001023801040981000000409810110000  
623159080033079012055501600604021200172200100001001805052981101010529810210100  
624159213040279006255900000000000000191710000000703801050582000000505820110000  
625159218102679007156101560000000000172310100001212805061982000010619820230100  
626159245052879002206001300303011000172200000400807801010182000000101820110100  
627159254092379011165800500101000010190400159990924801032581000000325810130100  
628159350111579108035901050303010000132300001001230801050682000000506820121000  
629159388112279110226101000602001000152300100401121804032282000010322820231000  
630159707092779009264500650701030001182300000000718801122281000001222810110100  
631159716101779007075401650604011000173300000000716801011682000000116820120100  
632159788032479107064400050602041000182200000001226801052082000000520820120000  
633159835062579102255500600700010000181110000001118805120681200011206810210100  
634159838100879102085201000101000010262300159991006804110281001010202830220000  
635159912092679009084200200100000000362910000001015801041582000000415820120100  
636159967062279103214801000803020000222300059991215804090682001000422811310000  
637159998112679111045300000201000000232200000001125804120280001010121810210000  
638160001022479008145400050000000000240710000000812801081282000000812820130000  
639160140010580005145401600200000000210700003000801801121281000001212810130100  
640160270012880012075200600000000000263410000001029801073081000000730810140000  
641160380123179104206101000704020010141000159990925804031281000010312810240000  
642160460120479108195901000100000000190800000001203804081281000010812810220000  
643160462031580001196201500302001000172200000401010801031482000000314820120100  
644160805021980107235400000704031000162300000001124803011181000000519821111000  
645160860020580010295701300701000000172300000001217801012682000000126820120100  
646160872022980004205701000000000000222210000000902801090282000000902820130000  
647160895011880106165301000000000000230710000001027801102782000001027820130000  
648160966020978105044801101002031000242500000300616804081680000000221820320000  
649160968020380106295601050801010000182900000000829804110480002000805811210000  
690161036042380109246110000000000000181110000001105801110582000001105820120000  
689159156122579104193710600000000000420110000000926801060282000000602820130000  
687159111110879007055310130301011000232900000001107801050982000000509820130100  
686159106100379111295310810202011100252500100400505802010581000001215812130000  
685157585092579009194610300000000000322910000001112801010782000000107820120100  
684157577090279009115410200000000000242910100001230801123082000001230820120100  
683157560080179012066011050401021000172200000000918801050582000000505820130000  
682157525070478010274010060000000000370210000000104801010482000000104820130000  
681157524073078111175310000000000000240100000000812801081282000000812820120000  
680157507050379104155211120401010100142500000000910801110981000001109810130000  
679156086030679003075510000101000000202910000001219801061982000000619820130000  
678156072023079012125110301201031100212900000200229801082980000000829800120100  
677156068010879107114110000200000000300700000000523801052382000000523820120000  
676156055121979010175510000201001000142500000401222801042183000000421830120000  
675156041010479107095411101603101000171700100000129803050780000000709810120110  
674156009120778105184110700200020000232900000000123801051581000000515810130000  
673154763101878111095511000000000000220110000000418801041882000000418820120000  
672154743091878109235211160805030000182301000000319804051480001000817810230100  
671154729021178106075011800701021000162500000400523804030181100010301810210100  
670154728080678105245310000202010000171410000000818803060482000000705811130000  
669154703022378111305811130601040000151700000000723804102681000000912811210100  
668153371032478104045110020000000000260710000000627804090881000001119810230000  
667153338022478103115111100702030000182910100000604804012681000010126810210100  
665153329042376011023210000501000000242900000000613801061382000000613820130000  
664153326042978006165810360201000000160810000001218801051082000000510820130000  
663153321040878110114310050300020000281400000000512801030181000000301810130000  
662151990010378106145410100100010000222510200000225804031280001010722800210100  
661150335081777006204211000202010000312500000000103804121080001010908810210000  
660150327070877109235810100300000000160700200000414801041482000000414820120000  
659148860102676107045811000100010000190700200000625801062582000000625820120000  
658143826012279103195811050300001001150300000010409801040982000000409820131001  
657142045081675004095710100201000000182900000000515802012081000000316830120100  
656142006101577102015311100502001001172300000010311801091180000000911800120000  
655140255030575104144910100902040000172300139990125804091480000000505811220000  
654138346012378108084611100700021002262900000110514801051482000000514820120100  
653136675070475111254810131301050100160700003000829804011882000000228830230110  
652136638071878105254610101302041002182900000110314804020481002000616810320110  
651124021061378101025111102604061005132300000230219804103080000000823812320100  
